12
7485 
** 
0 
0 
0 
0 
0 
0 
0 
2273 
Vince 
0 
0 
0 
0 
0 
0 
0 
0000 
Emily 
0 
18 
0 
0 
0 
0 
18 
2222 
John 
0 
0 
0 
0 
0 
0 
0 
5555 
Sarah 
0 
0 
0 
0 
0 
0 
0 
6666 
asdfasdf 
0 
0 
0 
0 
0 
0 
0 
4444 
Mr.Lamb 
0 
0 
0 
0 
0 
0 
0 
7777 
JonDon 
0 
0 
0 
0 
0 
0 
0 
7946 
Yuppers 
0 
0 
0 
0 
0 
0 
0 
4195 
** 
0 
0 
0 
0 
0 
0 
0 
1254 
** 
0 
0 
0 
0 
0 
0 
0 
1010 
Binary 
0 
0 
0 
0 
0 
0 
0 
Total Dev 
  
0 
18 
0 
0 
0 
0 
18 
